1    1.1584250
2    0.7833128
3    1.1684152
4           NA
5    0.8911135
6    1.2349575
7    1.0034200
8    1.3873815
9    1.0113073
10   1.2095232
11   1.0118030
12   1.1696786
13   0.7902925
14   1.3378120
15   1.1436488
16   1.1084729
17   1.3744262
18   1.0940953
19   1.2531860
20   0.6122477
21   0.9788645
22   0.7591722
23   1.0604787
24          NA
25          NA
26          NA
27   1.0132913
28   1.1615552
29   0.9615572
30   1.4256436
31   1.2937611
32          NA
33          NA
34   0.7773818
35   1.0135444
36   0.7955283
37   1.1928985
38          NA
39          NA
40          NA
41          NA
42          NA
43   1.3738512
44   1.3485162
45   1.3388311
46   1.2529254
47   1.4494378
48   1.2324784
49   1.0989647
50   1.1205091
51          NA
52   1.0106208
53   1.0361312
54   0.9762740
55   0.8432397
56   1.1890479
57   1.0544446
58   1.2313280
59   1.1336905
60   1.0864405
61   1.1721034
62   1.0891037
63   1.2180204
64          NA
65   1.0828082
66   1.0129483
67   1.0242163
68   1.2999766
69   1.1194962
70   0.8476333
71   0.9097973
72   0.3272961
73          NA
74   1.1477856
75          NA
76   1.0480152
77          NA
78          NA
79          NA
80   1.2671738
81   1.2853369
82   0.9552978
83          NA
84   1.4669825
85   0.7268192
86   1.3021107
87   1.2993501
88   0.8258323
89   1.1828327
90   1.4278580
91   1.2305135
92   1.4770250
93   1.3501531
94   0.6936764
95   1.0887000
96   1.1803809
97   0.7734593
98   1.3659104
99          NA
100  1.3031867
101  0.6514359
102  1.0282564
103  1.5140034
104  1.0846057
105         NA
106  1.0658761
107  1.0998078
108  1.3946017
109  0.8374945
110         NA
111  1.0604408
112  1.2529042
113  1.3146205
114  0.7435442
115  0.9968628
116  1.1321171
117  1.1357805
118  1.3496403
119  1.1099375
120         NA
121  1.3298737
122  1.4216427
123         NA
124         NA
125         NA
126  1.2655749
127  1.3146885
128  1.4175617
129         NA
130  1.0949198
131  1.1424708
132  1.3919620
133  0.8491357
134  1.4742235
135         NA
136  1.2783004
137  1.1854795
138  1.1369384
139         NA
140  1.3235615
141         NA
142  1.2303497
143  1.2771041
144  1.2264538
145  0.6806408
146  0.8270257
147  0.8991136
148  0.8133382
149  1.0646904
150  0.8160212
151  1.1185108
152  1.2486639
153  1.0171365
154  0.8891508
155  1.6132978
156  1.2444393
157  1.2945480
158  0.9188727
159  0.9517640
160         NA
161  1.2044091
162  0.8670815
163         NA
164  1.1875708
165         NA
166  1.2653361
167  1.3394577
168  1.0920272
169  1.3653538
170  0.8494544
171  1.2119356
172  0.8301534
173         NA
174  1.1903839
175  1.1645941
176  0.9450536
177  0.9230301
178  1.1347673
179  1.0430240
180         NA
181  1.2231496
182  0.8729661
183         NA
184  1.3203310
185  1.4382504
186  1.2741420
187  1.0151175
188  1.3308039
189  0.9481868
190  1.1739330
191  0.7100497
192  0.9265395
193  1.0881285
194  1.1702404
195  0.7851997
196  1.2013590
197         NA
198  1.1012258
199  1.0633254
200  1.0395300
201  0.9234167
202  1.3087201
203  0.7545703
204  1.2473250
205  0.9174534
206  0.7701571
207         NA
208  1.3107771
209  1.3606885
210  1.3548681
211  0.9933680
212  0.6998914
213  0.9874611
214  1.5161859
215         NA
216  0.5081760
217  1.2718758
218  1.2494237
219  1.3824399
220  0.8972254
221  1.2697796
222  1.4266495
223  1.2028289
224  1.4437755
225  1.1222672
226  0.9463491
227         NA
228  1.1569856
229  1.1961990
230         NA
231  1.2677872
232         NA
233  0.7334408
234  1.0695212
235  1.0850184
236  1.3747429
237  1.2734461
238  1.0136413
239  1.2235640
240  1.2105176
241  0.8165630
242  1.4963580
243  1.1785328
244  1.0562309
245  1.0178984
246  0.7859911
247  1.0282152
248  0.9881280
249         NA
250  1.4785484
251  1.1637918
252  1.0629216
253  1.2380669
254         NA
255  0.6716757
256  1.1955805
257         NA
258  0.9311540
259  1.2097713
260  0.9464714
261  1.0978566
262  1.3144248
263  1.4575788
264  1.2543698
265  0.8277392
266  0.9343281
267  1.3723544
268         NA
269  1.1571995
270         NA
271  1.0509384
272  1.1543491
273  1.0655748
274  1.2160040
275  1.0925287
276         NA
277  0.9187961
278         NA
279  1.3722354
280  0.9967096
281  1.2863712
282  0.9490641
283  1.2335847
284  1.0448262
285         NA
286  1.1980169
287         NA
288         NA
289  1.0887867
290  0.9279652
291  1.0398667
292         NA
293  1.0224265
294  0.7533629
295  0.9635271
296  1.2480802
297  1.0420283
298  0.9360206
299  0.7153411
300  1.0405820
301         NA
302  1.4609825
303  0.8680986
304  1.1353274
305  0.9101592
306  0.9076281
307         NA
308  1.3370298
309         NA
310  1.2150351
311         NA
312  1.4248633
313  1.1421074
314  0.7568591
315  1.0734610
316  1.3777758
317  1.1296476
318  1.1891231
319  1.0104261
320  1.0833544
321  1.0784953
322  0.9818957
323  1.1119917
324  1.1682962
325         NA
326         NA
327  1.1450561
328  1.6303781
329  1.2885356
330  1.6998705
331         NA
332  0.8445540
333  1.1748093
334         NA
335  0.8900527
336  1.1646049
337         NA
338  0.7935097
339  1.5844968
340         NA
341         NA
342  1.0400166
343  1.4373903
344  1.2973717
345  1.1118146
346         NA
347  0.8402347
348  1.1949306
349         NA
350  1.0624567
351  1.0506030
352  1.1205414
353         NA
354  0.8686640
355  1.1966569
356  1.3736621
357         NA
358  1.2344148
359  0.9472870
360  1.0420153
361  0.8456745
362         NA
363  0.9369298
364  1.1573823
365  1.1436972
366  0.9927653
367  1.6983711
368  1.3412400
369  1.5891336
370  1.6849270
371  0.9338263
372  1.3937299
373  1.1918085
374  0.9056691
375  1.1915852
376         NA
377  1.2537815
378  1.3375150
379  1.0961784
380  1.0764554
381  1.3514215
382  0.5272209
383  1.2911410
384  1.0045499
385  1.1131568
386  1.7909506
387  1.2129169
388  1.2687933
389  1.2267249
390         NA
391  1.0178662
392  0.8223236
393  1.3150132
394  0.8460630
395  0.8987693
396  0.9657787
397  1.0877578
398  1.3745625
399  0.7233715
400  1.7766419
401  1.2339666
402  0.7962359
403         NA
404  1.1601338
405         NA
406  1.3417672
407  0.9572578
408         NA
409  0.8818872
410         NA
411  0.9760745
412  1.1070828
413  1.1070490
414  1.0113391
415  0.9549293
416  1.1030651
417  0.8359078
418  1.3787201
419  1.1702272
420  1.4163273
421  1.0186619
422  1.1887213
423  0.8712251
424  1.1509696
425         NA
426  1.1814037
427  1.2519276
428  1.1186632
429         NA
430  1.1892607
431  1.3343775
432         NA
433  1.2634221
434  1.6458605
435  0.9393885
436  1.1457157
437         NA
438         NA
439  0.9666529
440  0.9782704
441  1.0836210
442  0.9557636
443         NA
444  1.2968318
445  1.3716121
446  0.5038228
447         NA
448         NA
449  1.0158881
450  0.9193581
451         NA
452  1.3458991
453         NA
454  1.4711017
455  1.2692702
456  1.6240086
457  0.9558435
458  1.1316762
459  0.8263270
460  0.8852558
461         NA
462  1.0561928
463  0.9383051
464  0.7778384
465  1.4621628
466  1.0208394
467  0.8656711
468         NA
469  1.3269804
470  1.3330962
471  0.9164684
472  1.1002397
473  1.0438042
474  1.0795705
475  1.1978626
476  1.1071530
477         NA
478  1.4617698
479  1.1735326
480  1.1301203
481  1.1985957
482  0.7891820
483  1.2912712
484  1.3009673
485  0.7244531
486  1.0812038
487         NA
488         NA
489         NA
490  1.0022127
491  1.5174739
492  1.1336243
493  1.1446194
494  1.1965222
495  0.9537053
496  1.4088565
497  1.1767336
498  0.5070927
499  1.0924767
500         NA
501         NA
502         NA
503  1.2674974
504  0.9457716
505  1.0808659
506         NA
507  1.2169794
508  1.0934751
509         NA
510  0.7427929
511  1.3260186
512  1.2168389
513         NA
514  1.3097621
515  1.1865786
516  1.0956983
517  1.2704734
518  1.2765397
519  1.0930678
520         NA
521  1.3027847
522  1.2503298
523         NA
524  0.8496012
525  1.1302188
526  1.3330632
527         NA
528  1.4864285
529  1.0845514
530  1.1928705
531  1.2858335
532  1.0197791
533  1.1051127
534  1.3492439
535  0.7591406
536  1.1631078
537  1.2498693
538  1.2621212
539         NA
540         NA
541         NA
542         NA
543  1.1723839
544  0.8820948
545  1.2958854
546  1.3166063
547  1.1647231
548  1.0094279
549  1.7523357
550         NA
551  0.8981869
552  0.9122282
553  1.0246397
554  1.3455787
555  1.3402946
556  0.8659143
557         NA
558  0.7909403
559         NA
560  1.1008401
561  1.0214617
562         NA
563         NA
564  1.2689463
565  1.0912263
566  1.0472499
567  1.0982129
568  1.4068884
569  0.9586144
570  1.2674303
571  1.1927523
572         NA
573  1.0363150
574  1.1949909
575  0.7699663
576  1.0166231
577  1.1555592
578  0.9670559
579  1.1801373
580  1.3959534
581         NA
582  1.0061655
583         NA
584  1.3374704
585  1.3660156
586  0.8977862
587  1.2437110
588  1.1174897
589  0.9510905
590  1.2880659
591         NA
592         NA
593  1.1527685
594  1.3039958
595  1.1024649
596  1.2071222
597  1.0288719
598  1.1265268
599         NA
600  1.2697352
601  0.9037628
602  1.2771793
603  0.8192337
604  1.1878858
605  1.6231298
606  1.2722658
607  1.1961891
608  1.3824308
609  1.2150637
610  1.2658545
611  1.0733814
612  1.0531773
613  1.1858567
614  0.4706723
615  1.2050832
616         NA
617  1.0229477
618  1.4036480
619  1.2917409
620  0.9121520
621  1.0135614
622  1.1489825
623  1.3984045
624  0.6508049
625  1.2397581
626  1.1265670
627  1.0103444
628  0.7951652
629  1.1338356
630  0.8819880
631  1.1647253
632  0.9098213
633  0.9177403
634  1.2137523
635  1.1382504
636  1.1012896
637  1.3879742
638  1.0299095
639  1.4939388
640  0.7595981
641  0.8676549
642  0.5356852
643  0.9047102
644  1.3726607
645  1.0902218
646         NA
647  1.0058861
648  0.8432910
649  0.8436991
650  1.1441847
651  1.0590008
652  1.6699288
653         NA
654  0.8930009
655  0.9548068
656  0.8551242
657  1.0535018
658         NA
659  1.0918804
660  0.9247522
661  0.9589529
662  1.2436445
663  0.9836913
664  0.9126502
665  1.3025207
666  1.2343405
667  1.1614664
668  1.2357545
669  0.8218371
670  0.8595972
671         NA
672  1.1602569
673  1.0428203
674  1.0056947
675  1.0445852
676  1.2765173
677  1.0542968
678  1.0313794
679  0.8848364
680  1.0494133
681         NA
682  1.1899921
683  1.0361006
684  1.0514326
685  0.8995969
686  1.3444975
687  1.4847840
688  1.1952826
689  0.6689331
690         NA
691  0.7902396
692  1.0371112
693  1.2647269
694  1.1006304
695  1.1442375
696  1.2949805
697  0.7861954
698  1.0908794
699  0.8699176
700         NA
701         NA
702         NA
703  0.9875706
704  1.3387757
705  0.8304734
706  1.0583642
707  0.9336682
708  1.0186302
709  1.8595516
710  1.0576205
711  0.8528646
712  1.1240690
713  1.1382825
714  0.6989607
715  1.1796599
716  1.1391720
717  1.1281163
718  0.9657212
719  0.6197518
720  1.5109557
721  1.6067830
722  1.1443398
723  0.7710779
724  1.1416844
725  1.2594728
726  1.0539988
727  1.0773562
728         NA
729  1.1359434
730         NA
731  1.0715690
732  1.4419752
733  1.2076378
734  1.1660363
735  0.6601479
736  1.0309009
737  1.0361161
738  1.3156189
739  1.0979142
740  1.2047125
741  0.7525385
742  0.9034485
743  0.7431358
744  1.5396710
745         NA
746  1.3811290
747  1.1500259
748         NA
749  0.8729413
750  0.8297276
751  1.3368530
752  1.2340069
753  1.2062322
754  1.3109821
755         NA
756  1.0684204
757  1.5717953
758  0.8013241
759  1.3482369
760  1.3621593
761  1.2048863
762         NA
763  0.9612182
764  1.0643436
765  1.2601125
766         NA
767  1.0035575
768  1.5149772
769  0.9638505
770         NA
771         NA
772  1.1966557
773  1.2402366
774  1.2655416
775  1.1671652
776         NA
777  1.1766683
778  0.8456067
779  1.3936068
780  1.0041663
781  1.0746559
782         NA
783  1.2319958
784  1.0153077
785  0.8655531
786  1.3881386
787  0.8602311
788  0.9415292
789  1.0387897
790  1.5681355
791  1.1878793
792  1.0580405
793  1.1888976
794  1.3274900
795  1.3485220
796  0.9496799
797  1.4836535
798  1.2427471
799  1.0439532
800         NA
801  1.0311460
802  1.2184966
803  1.0135495
804         NA
805  1.2165553
806  0.9496649
807  0.9586222
808  1.1744710
809  0.8048701
810  0.7883409
811  0.9655279
812  1.2618320
813  1.3334981
814  1.0840061
815  1.2169552
816  1.1153144
817  0.7105200
818  0.8467449
819  1.2642673
820         NA
821  0.6455583
822  1.2479640
823  1.3034170
824  1.0023088
825  1.3444860
826  1.0013779
827  1.0423815
828  1.2465200
829  0.9283172
830  1.0772234
831  0.9956415
832  1.1063877
833  1.3998346
834  1.0947697
835  0.9674052
836         NA
837  1.1283471
838  1.3735229
839  0.7788430
840  0.9541353
841         NA
842  1.1310038
843         NA
844  0.7454143
845  1.3675030
846  1.4599579
847  0.8840862
848  0.6072637
849  0.9858056
850         NA
851  0.8656774
852  0.8448208
853  0.9302371
854  1.4504651
855  1.2896765
856  1.1947033
857  1.1668020
858  1.1939414
859         NA
860  0.8414576
861  1.2542865
862  1.3532386
863  1.2954126
864  1.0646454
865         NA
866  1.1848637
867  0.9584621
868  1.1680323
869  0.9931595
870  1.1967612
871  1.0145952
872  0.9285871
873  1.3131525
874  0.6132333
875  0.8653435
876  1.4177006
877  0.7530517
878  0.9457774
879  1.3621557
880         NA
881  1.3776569
882  1.0605279
883  1.1926624
884  1.0955098
885  0.8457536
886  1.0522903
887  1.5049876
888  1.1441341
889  1.3549744
890  1.1536156
891  0.8682502
892  1.1890694
893  1.1872061
894  1.1361550
895         NA
896  1.1446795
897  1.0371939
898         NA
899  1.1823409
900  0.7844658
901  0.8480022
902         NA
903         NA
904  1.1590097
905  1.1447371
906  1.3384367
907  1.3835324
908  0.8410020
909  0.9021217
910  0.8104919
911  0.7918448
912  1.2205324
913  0.9658138
914  1.2249900
915  1.6719750
916  0.9680146
917  1.3534927
918  1.4134497
919  1.2585521
920         NA
921  1.3731184
922  0.8361763
923         NA
924  1.2781295
925  0.9942101
926         NA
927  1.0977645
928  1.2877780
929  1.0010544
930  1.1054881
931  1.0790089
932  1.1402719
933  1.0394303
934  1.6119037
935         NA
936  1.2788536
937  1.5179425
938         NA
939         NA
940  1.1899845
941  1.0925219
942  0.8092520
943         NA
944  1.4722100
945  1.1428737
946  0.7200417
947  0.9921476
948  1.2872324
949  1.1305983
950  0.9887797
951  0.9161411
952         NA
953  0.9833444
954         NA
955  1.2025509
956  1.3641696
957  1.2810918
958         NA
959  1.0468350
960  1.3385375
961  1.4675409
962         NA
963  0.6006479
964  1.0176879
965  1.0590433
966  1.2916328
967  1.0851441
968  1.0028259
969  0.9748938
970  1.2613338
971  0.9814196
972  1.3077856
973  1.4999901
974  0.7476926
975  0.9919228
976  1.1269256
977  1.1348630
978  0.9329610
979  0.5950085
980  1.2342877
981  0.9025024
982  1.1753026
983  1.3829163
984  0.7636937
985  0.9065277
986  0.6924294
987  0.9801848
988         NA
989         NA
990  1.2373249
991  1.3908893
992         NA
993  0.9837320
994  1.3733664
995  1.1785607
996  1.1695112
997  1.4009849
998  1.2910763
999  1.4152713
1000 0.9435197