1 323906397609791488,323906397618196480,323906397735641088,323906397853073408,323906397962121216,323906398012461056,323906398230544384,323906398314438656,323906398352195584,323906398826164224,323906398993932288,323906399149109248,323906399295926272,323906399300100096,323906656318676992,323907771256938496,323908455545049088,323908795254312960,323908795396943872
2 323906398423490560,323906482489921536,323906484629032960,323911097818173440,323913403460636672,323913403951357952,323913746231750656,323916814490939392,323917413789868032,323918009901150208,323919716039155712,323921167381577728,323922279182520320,323924496144797696,323924665074581504,323929272685318144,323932515599515648,323944113764438016,323946504752603136,323950257832603648
3 323906398176030720,323906567294562304,323907258301939712,323910330315075584,323910330457669632,323955716392112128,323963901769297920,324226045052071936,323932094190439872
4 323906483584655360,323906485249789952,323911610236293120,323915000567697408,323916051614138368,323920146454425600,323921510282702848,323923559799996416,323925264352546816
5 323906650987692032,323906651209994240,323906653651079168,323906657333682176,323907087551836160,323909308188344320,324117950774775808,324117952695771136,324229792834674688
6 323915624835342336,323924155391164416,323925432548335616,323927822072684544,323928504523694080,323930212121317376,323933624816787456
7 324002623571255296,324070589214117888,324125626284007424,324132606608306176,324138055772561408,324154782782742528,324160230760005632,324179340675915776,324188481918230528,324227779530985472,324460055724433408,324534627039588352
8 324038827578626048,324067437886713856,324210976629067776,325063081929629696
9 324219503401644032,324358798179459072,324366333829586944,324375472681148416,324376801382133760,324419757661097984
10 324320247018573824,324327405743382528,324327410344542208,324423829088784384,324425542629732352,324427314060484608,324427596253253632,324427930631544832,324428255794978816
11 324346553835868160,324348252763873280,324368024561909760,324351038741901888,324326736198238784,324334932112843712,324310958418232960,324354128398432704,324337983412847488,324373063433847488,324382984012350272,324326985423982400
12 324372750330363904,324380629779247104,324418112688623616,324458862537228288,324470253339959296
13 324408472441585664,324408861563944960,324409861041438720,324409871061618688,324432383115935744,324437436077854720,324438127102013440,324439166496690176,324439832715747328,324440178842296320,324441529030701056,324441544377634816,324445289912074240,324445292130877440,324446653635522560,324452116863258624
14 324422817565257728,324423146381901824,324423157106749440,324423160525103104,324423494098120704,324423506957852672
15 324448013999304704,324448359932887040,324448711860158464,324451075501457408,324452781371060224
16 324785120085176320,324785122073251840,324785129241341952,324785131569168384,324787508997144576,324790912431583232,324799030859280384
17 325059351209443328,325059374814994432,325059598488829952,325059948511899648,325059996704452608,325060608246562816,325061078994284544,325063478140346368
18 325060138891350016,325060145082163200,325060154087309312,325060324992643072,325060826346184704
19 325162944931438592,325163043233337344,325165164561330176,325166486215856128,325170591164403712,325170934115864576,325171288526163968,325171606253080576,325172960413503488,325173634563964928,325175391654408192,325176378595102720,325178436660375552
20 325253327048822784,325253327640223744,325253669408874496,325253670746849280,325253670780416000,325254353877352448
21 325329802032721920,325335253487063040,325337623910559744,325337627857387520,325337640322871296,325338650076405760,325342218942554112,325350010961141760,325586012854185984
22 325409910588317696,325409910642835456,325409910714138624,325409910827401216,325409910869327872,325409910886117376,325409927193567232,325409992121389056,325409996290527232,325409996529602560,325409996726743040,325409996764479488,325409996965810176,325410254697414656,325410327036571648,325410327183364096,325410327200145408,325410327296614400
23 325701932083716096,325701934273134592,325701941478973440,325702115865538560,325702269288992768,325702271591665664,325702273684627456,325702285621612544,325702287978795008,325702294287048704,325702890297643008,325702936036524032,325702950859198464,325702955896553472,326228987233841152
24 325702031912349696,325702294928764928,325702363174285312,325702375430057984,325702377279729664,325702626169729024,325702632603803648,325702633174204416,325702635405574144,325702711729348608,325702956185948160,325702958786441216
25 325917940564250624,325927476566032384,325946283368013824,325946633986641920,325946659739668480,325946918842818560,325947086145212416,325947301745029120,325947340777222144,325947343281205248
SSE= 17.8775521483779
